0 62 61 0 97 81 50 86 95 83 75 85 93 59 0 0 86 0 90 77 71 75 0 0 0 0 94 0 0 70 
0 67 84 0 0 81 0 61 0 0 96 0 95 89 0 0 95 0 84 0 0 55 0 94 0 92 69 0 0 74 
52 0 0 0 69 0 69 0 0 89 0 66 0 93 0 93 0 0 88 78 0 61 0 0 55 69 96 0 52 0 
51 0 0 0 93 66 0 62 0 72 0 0 0 91 0 0 0 0 0 0 0 92 85 51 96 92 72 93 69 76 
0 72 81 0 69 0 0 71 88 0 0 0 74 0 0 72 78 71 0 78 0 0 70 85 80 67 77 0 0 98 
81 0 0 0 0 91 0 0 0 80 0 0 0 0 0 0 0 0 0 0 51 82 0 0 67 81 0 96 0 53 
0 0 0 69 84 89 0 0 0 0 57 87 89 0 75 0 0 84 0 0 56 56 0 0 0 0 0 0 81 75 
0 80 0 0 0 0 0 0 0 0 94 64 53 83 0 0 66 94 65 71 0 0 79 91 78 0 76 0 84 0 
0 0 89 0 60 90 0 50 0 83 64 51 99 0 0 0 99 52 95 64 0 73 85 0 64 0 63 92 83 0 
0 0 0 0 0 0 0 0 74 90 79 0 0 78 0 0 0 0 79 0 0 55 94 0 57 0 75 73 55 58 
72 0 0 84 51 57 60 84 53 0 0 0 0 67 0 0 0 88 92 0 62 0 81 0 76 90 0 52 0 0 
62 0 0 99 0 0 56 0 76 61 70 0 93 94 0 55 79 68 96 0 0 58 0 79 66 68 0 0 72 0 
0 0 77 53 86 53 92 0 89 68 0 0 0 50 0 0 57 0 65 53 61 64 0 53 0 0 74 0 0 0 
0 0 0 84 90 0 90 0 0 0 55 71 95 78 73 53 75 0 90 0 84 52 0 0 57 0 78 0 0 50 
0 0 87 0 61 0 87 0 63 0 0 70 0 81 0 99 0 0 0 0 0 0 0 0 0 0 0 0 70 0 
95 52 62 82 67 75 63 55 78 78 0 65 0 0 0 0 0 81 0 0 58 0 0 0 61 99 77 0 0 99 
0 91 51 86 0 71 0 88 0 92 67 87 57 0 0 0 0 0 0 0 0 95 83 0 0 97 0 63 83 0 
63 0 99 66 0 0 0 59 0 0 52 0 0 0 0 78 65 0 88 0 0 0 0 96 79 0 0 91 99 0 
51 0 0 50 80 80 0 0 92 93 0 0 0 88 0 0 66 71 96 0 0 0 0 0 56 53 62 0 96 0 
81 0 0 68 50 0 0 77 78 93 70 63 0 96 52 94 74 70 0 70 77 0 78 51 0 87 0 84 0 0 
50 0 0 77 0 50 0 0 80 67 0 50 0 0 98 0 0 0 57 0 94 0 0 0 0 54 0 0 91 52 
95 0 0 95 70 69 98 0 64 78 0 53 80 0 78 79 0 50 55 55 0 0 89 0 0 0 0 91 0 0 
95 0 0 74 63 85 95 0 0 59 91 73 0 72 83 0 0 81 0 0 0 0 0 77 0 91 56 0 0 77 
0 0 0 86 56 61 71 51 74 69 62 0 94 0 0 0 70 97 62 67 0 98 0 0 0 0 0 84 0 0 
0 0 0 0 0 0 72 0 0 99 65 0 0 59 0 59 0 50 56 0 0 63 54 75 0 82 0 99 0 62 
97 0 0 77 0 0 0 0 0 52 67 84 53 84 95 0 95 0 84 51 0 0 67 94 77 54 76 75 53 94 
0 50 79 0 79 0 60 92 91 0 96 59 0 0 0 0 0 91 0 0 0 87 75 61 0 52 68 61 80 0 
55 69 0 86 0 0 0 0 0 53 51 0 0 0 0 0 0 0 98 0 55 93 67 0 0 0 0 74 61 0 
0 68 84 72 55 0 0 0 0 75 69 68 72 0 0 70 0 67 0 91 0 0 0 0 94 0 0 80 69 0 
95 0 96 0 89 0 0 69 0 0 0 89 63 68 0 0 0 0 0 96 59 69 0 95 83 54 90 50 0 60 
77 81 77 0 64 0 0 91 88 0 87 84 0 50 53 63 0 0 0 78 0 90 0 0 0 82 54 0 84 0 
0 62 0 0 0 86 0 0 78 76 0 0 61 61 0 66 76 0 0 59 54 50 0 0 0 0 0 0 0 0 
0 59 0 70 76 73 0 65 93 0 93 65 56 0 0 75 72 55 51 82 0 0 84 0 58 0 55 0 0 0 
66 95 85 52 0 0 0 0 0 71 65 0 0 73 82 0 0 55 70 52 89 84 0 74 0 68 0 0 66 0 
0 0 58 70 84 75 84 62 54 0 85 71 90 73 0 73 88 0 80 0 98 69 95 0 0 0 0 0 0 95 
0 0 80 77 0 0 0 0 78 58 0 0 82 0 89 0 0 0 0 0 0 0 78 0 84 74 0 0 0 0 
60 53 0 0 82 97 57 86 0 87 97 0 0 0 65 92 0 94 0 0 55 0 0 86 0 94 0 0 59 0 
0 0 99 62 60 0 0 69 71 0 57 0 0 0 51 82 56 61 0 77 96 0 0 0 0 0 53 0 78 0 
80 0 85 0 0 97 0 85 67 88 92 76 0 61 88 60 96 0 73 0 73 70 61 0 0 0 0 0 70 90 
99 0 0 84 86 0 0 0 0 53 91 52 0 51 0 69 63 0 65 0 87 90 59 0 59 0 0 71 74 59 
0 74 62 0 0 0 0 0 0 98 97 0 0 78 50 0 99 0 78 0 0 0 59 0 0 0 53 0 0 80 
65 0 0 79 0 0 80 59 0 0 0 0 0 0 0 84 80 92 0 0 0 52 0 68 65 98 0 71 0 0 
51 70 0 0 0 59 0 82 70 0 69 80 0 0 92 94 87 0 86 0 0 0 0 64 0 58 0 0 0 0 
0 0 0 0 93 0 0 0 78 0 0 0 0 62 0 0 56 90 0 95 79 0 0 0 59 0 79 74 0 60 
0 0 0 87 82 0 83 0 0 61 0 71 61 66 0 64 0 0 0 57 0 86 53 0 58 0 0 0 86 0 
50 0 65 0 71 0 0 55 66 0 68 0 0 81 0 0 97 0 0 0 69 0 90 74 0 0 87 59 0 0 
0 0 57 0 87 81 84 0 0 0 0 56 0 93 0 57 97 87 69 94 91 91 81 0 65 99 0 0 0 0 
0 83 64 0 0 0 0 0 79 0 0 55 65 54 0 55 64 97 94 85 0 86 0 0 71 0 76 0 50 0 
0 80 0 0 72 94 0 92 51 0 0 0 87 0 0 87 0 81 85 0 0 81 57 0 58 0 0 0 86 95 
0 68 0 0 0 0 92 66 0 0 98 97 53 85 67 70 72 92 51 0 64 0 90 0 69 0 0 0 86 89 
61 0 57 0 0 0 93 0 88 0 0 0 87 97 0 55 68 0 0 71 0 63 93 52 85 0 52 0 80 0 
0 0 50 85 0 0 60 0 0 0 0 56 0 0 0 0 61 73 62 61 97 0 0 90 76 61 0 80 0 85 
0 0 79 0 67 67 84 79 96 96 79 67 52 0 73 58 0 0 83 0 0 80 71 72 0 99 0 0 80 87 
65 51 68 97 0 87 64 0 66 0 58 0 79 0 64 0 0 0 0 56 97 87 88 0 0 0 0 98 91 52 
85 0 0 0 0 80 93 0 0 0 86 0 57 65 62 74 69 0 0 61 91 72 0 79 93 64 0 65 62 0 
0 99 0 72 0 0 0 50 0 0 61 0 0 71 0 0 97 0 96 72 61 87 0 61 0 90 0 0 55 0 
0 72 92 92 96 97 0 0 99 0 0 0 82 0 83 0 0 0 0 0 0 70 0 50 83 0 0 61 0 0 
0 78 0 94 0 67 0 68 69 94 89 69 0 71 0 0 0 0 74 0 0 79 63 76 0 0 92 0 0 74 
68 0 53 0 56 0 0 51 0 0 0 88 97 52 0 0 94 0 0 68 0 0 0 0 52 0 0 97 0 0 
71 0 71 0 0 80 0 74 0 51 0 77 0 51 0 0 66 0 0 58 0 0 0 0 92 87 0 92 84 0 
53 55 0 0 0 0 57 0 92 88 0 0 65 0 98 94 0 0 69 0 74 0 0 61 0 0 0 0 63 84 
61 68 0 0 93 0 0 50 0 80 91 51 0 56 0 76 51 0 92 72 58 0 0 84 80 0 55 0 79 70 
64 93 0 0 0 84 79 97 86 90 77 77 93 0 0 80 80 0 0 0 0 0 0 0 0 0 0 0 0 76 
0 68 0 64 0 83 0 54 81 86 0 58 64 90 0 98 0 0 87 0 72 96 0 68 95 85 0 92 0 0 
69 0 68 0 82 0 0 82 98 0 68 95 0 0 0 84 82 60 83 69 0 0 0 73 75 65 0 71 58 0 
71 79 0 91 0 54 0 0 0 84 0 57 79 76 89 69 0 0 0 95 0 65 54 63 90 81 0 52 52 0 
0 0 0 0 0 0 0 0 0 70 85 97 0 0 73 69 85 0 93 66 0 90 0 0 54 74 0 0 0 0 
0 0 0 0 0 0 0 0 0 0 70 50 0 0 66 0 0 0 87 63 70 71 54 54 0 60 0 81 0 0 
0 73 94 0 69 0 68 56 0 81 83 0 83 59 78 0 0 0 0 0 0 76 71 0 0 81 78 0 0 0 
0 0 50 0 75 0 73 0 76 0 76 0 61 59 70 0 60 0 88 0 0 53 94 0 71 76 82 0 88 0 
79 59 0 82 0 95 0 50 0 0 82 0 0 95 0 62 0 85 0 75 0 75 80 0 76 0 0 0 0 66 
58 0 77 78 0 0 73 72 52 63 0 86 77 94 81 0 0 68 0 54 95 95 0 75 97 57 78 75 67 0 
0 77 73 70 0 0 73 81 0 0 97 70 64 74 0 0 0 0 0 0 0 0 68 0 83 65 70 0 92 89 
50 0 66 75 0 74 71 0 0 87 0 0 0 70 0 0 0 0 53 81 85 85 90 54 98 0 71 0 91 64 
0 93 0 0 0 0 54 91 0 62 0 93 0 0 63 0 0 0 67 73 0 52 0 55 58 60 0 82 0 0 
0 0 69 0 0 90 0 74 81 91 0 64 84 0 57 0 62 77 0 0 0 96 81 64 51 92 0 0 74 0 
0 72 0 81 71 70 71 76 0 0 68 0 0 52 92 79 52 54 56 0 83 0 0 0 75 0 0 0 72 0 
0 84 59 0 0 0 0 0 59 0 98 0 61 0 0 0 98 0 60 0 72 0 0 0 0 93 0 0 0 64 
0 0 0 0 68 66 50 0 59 61 0 57 0 0 76 0 0 0 60 60 0 0 56 0 88 69 0 81 91 0 
0 52 53 0 72 0 64 75 73 0 0 53 80 0 0 56 53 0 0 0 0 0 97 64 0 85 0 0 0 77 
74 64 82 0 0 0 0 74 81 0 0 70 78 0 99 78 0 52 0 73 0 85 94 0 0 72 51 88 99 70 
65 73 86 99 52 0 0 52 0 87 77 71 0 0 52 0 85 89 0 63 62 0 0 57 95 50 0 0 0 80 
69 56 53 0 55 0 55 0 0 77 53 0 0 62 0 52 0 83 93 0 0 56 0 0 65 0 97 0 0 87 
0 80 0 79 87 51 0 94 64 97 71 0 0 0 0 0 0 55 67 0 0 0 0 59 60 94 72 0 0 83 
96 0 0 0 97 55 0 85 50 0 82 73 77 69 0 0 53 76 0 0 0 58 86 78 0 98 72 90 0 64 
0 0 82 0 96 0 97 0 68 99 98 50 72 75 71 0 0 0 50 52 0 99 0 84 78 0 83 0 71 90 
0 96 0 0 0 0 85 87 0 53 0 84 56 0 59 0 84 0 0 0 0 0 85 63 87 63 0 70 0 0 
0 0 0 59 90 0 53 75 0 87 81 79 71 0 0 82 0 0 82 0 0 83 75 97 98 62 60 0 84 0 
58 97 67 0 56 0 0 0 85 0 0 66 96 71 55 0 54 72 0 0 0 0 71 0 0 0 83 0 65 0 
67 75 0 86 98 72 96 74 0 0 92 82 0 0 54 56 0 60 80 0 0 0 73 0 97 0 0 0 85 59 
52 0 0 68 91 84 93 0 0 0 73 0 61 0 95 0 0 0 0 0 72 76 91 97 0 88 0 0 0 0 
0 0 88 87 93 79 72 86 70 83 65 0 0 79 70 85 94 56 0 74 70 0 50 0 0 98 53 0 92 0 
62 93 51 50 0 0 81 0 83 51 0 0 0 0 80 69 0 0 0 78 0 0 0 0 60 98 52 0 0 0 
0 0 89 92 0 0 89 78 78 0 81 0 0 0 0 57 98 0 84 76 93 0 0 59 0 0 0 91 50 90 
88 0 0 77 86 0 99 0 60 78 52 0 0 0 0 0 87 0 0 0 0 0 59 73 0 98 0 0 0 0 
0 82 0 0 59 0 86 0 0 0 0 0 88 0 57 0 88 96 85 0 0 0 61 0 59 79 81 0 59 0 
0 0 0 89 0 0 0 70 79 0 0 0 0 57 61 93 0 0 0 0 0 0 92 0 0 0 97 0 0 0 
98 0 0 55 97 0 72 82 92 51 90 61 0 78 0 0 0 0 0 64 98 96 0 0 0 71 0 63 0 0 
72 0 83 0 52 80 83 0 0 0 0 56 89 0 0 60 0 58 52 0 75 0 0 0 0 0 0 0 0 73 
0 0 70 0 92 0 0 75 99 0 0 0 56 0 83 0 57 0 53 0 0 0 0 0 84 0 0 0 53 0 
83 0 70 0 0 62 0 58 90 0 58 0 0 66 0 89 0 0 65 0 0 75 95 74 65 79 84 99 89 89 
91 0 0 61 0 89 76 0 0 0 0 58 63 0 0 0 84 85 0 0 99 68 77 94 94 0 0 78 93 0 
0 84 92 84 98 74 73 74 85 0 92 0 79 0 0 55 0 54 0 71 56 0 91 85 86 86 0 0 0 73 
79 0 58 71 0 56 97 93 82 82 67 0 57 98 0 0 54 99 81 94 70 0 86 0 0 0 0 0 0 68 
77 0 56 87 0 76 0 0 0 0 0 0 51 0 0 0 55 0 0 0 92 58 0 78 72 50 55 0 0 92 
0 82 60 0 69 51 0 64 88 51 89 59 0 92 87 84 81 0 81 0 0 73 0 57 0 50 59 59 74 64 
52 71 0 64 72 68 0 0 0 0 0 74 0 0 0 54 85 0 0 67 68 78 0 95 87 0 0 0 0 72 
0 0 0 58 72 0 78 0 68 63 0 73 0 0 0 0 65 0 0 0 0 0 0 68 0 0 64 0 78 0 
94 89 0 89 99 53 0 0 93 0 93 90 98 0 53 73 0 0 0 0 84 61 0 0 81 0 0 0 0 90 
66 75 0 0 64 0 51 68 59 97 0 0 0 0 0 92 67 0 63 0 80 0 0 63 0 95 70 0 0 51 
82 58 0 0 57 90 95 60 0 0 57 54 0 0 0 99 0 0 78 0 69 59 0 83 0 85 78 92 0 71 
0 60 81 69 73 90 0 0 51 0 80 60 75 0 0 0 0 0 93 73 58 62 0 63 0 54 0 76 98 0 
0 93 85 81 0 0 71 0 84 0 0 0 83 73 59 0 98 54 0 91 0 0 0 59 67 51 65 67 0 63 
0 0 0 0 60 0 93 0 99 0 0 0 0 0 70 0 85 68 59 0 0 0 0 0 97 55 0 0 75 0 
0 0 80 0 0 0 0 0 0 0 77 0 0 0 0 77 0 0 98 0 93 61 77 81 0 0 0 51 92 64 
0 0 0 83 0 0 76 0 86 52 83 64 83 0 87 60 0 67 70 69 58 63 0 87 0 61 65 0 64 57 
50 0 0 86 55 0 0 0 0 63 84 0 79 0 90 66 0 61 85 0 0 0 0 0 82 0 0 0 0 0 
56 50 64 86 88 0 78 0 0 0 0 0 91 0 0 0 0 0 94 0 95 0 0 0 0 0 0 0 85 78 
63 0 80 0 79 68 98 57 0 0 0 60 0 0 67 0 76 0 0 71 0 0 0 0 0 0 0 83 59 85 
62 0 79 0 0 58 0 99 68 96 0 68 56 93 64 75 96 0 0 93 63 0 0 0 85 0 52 85 0 63 
